Homes:
  main:
    X: -1113.9855507193283
    Y: 80.0
    Z: -775.6219713424686
    Yaw: -88.144714
    Pitch: 13.499971
    World: world
